1 0.5921875 0.471875 0.29296875 0.4375
1 0.021875 0.696875 0.04296875 0.084375
1 0.0328125 0.73671875 0.06484375 0.0796875
1 0.05859375 0.790625 0.1171875 0.1875
1 0.0265625 0.203125 0.053125 0.03359375
1 0.03359375 0.665625 0.0359375 0.03359375
1 0.0515625 0.18984375 0.05078125 0.0359375
1 0.10390625 0.6578125 0.1203125 0.09609375
1 0.075 0.17890625 0.053125 0.0265625
1 0.14140625 0.68984375 0.0984375 0.1203125
1 0.2921875 0.96015625 0.125 0.0765625
1 0.365625 0.96875 0.08671875 0.06015625
1 0.390625 0.93125 0.10078125 0.08671875
1 0.43359375 0.24921875 0.0765625 0.0578125
1 0.47109375 0.9109375 0.1390625 0.17578125
1 0.52734375 0.92890625 0.1296875 0.1390625
1 0.6046875 0.94453125 0.11328125 0.1078125
1 0.675 0.9578125 0.09375 0.08203125
1 0.834375 0.93125 0.10078125 0.134375
1 0.91015625 0.953125 0.0890625 0.09140625